{
  "metadata": {
    "dhatu_count": 9,
    "vector_dimension": 9,
    "precision": "float32",
    "gpu_target": "RX 480 Polaris",
    "optimization": "cosine_distance"
  },
  "dhatus": {
    "EXIST": {
      "concept": "etre/existence",
      "vector": [
        0.8574929237365723,
        0.17149858176708221,
        0.08574929088354111,
        0.2572478950023651,
        0.0,
        0.08574929088354111,
        0.34299716353416443,
        0.08574929088354111,
        0.17149858176708221
      ],
      "magnitude": 1.0
    },
    "RELATE": {
      "concept": "relations/spatial",
      "vector": [
        0.5656854510307312,
        0.7071067690849304,
        0.2121320515871048,
        0.1414213627576828,
        0.0707106813788414,
        0.2828427255153656,
        0.1414213627576828,
        0.0707106813788414,
        0.0707106813788414
      ],
      "magnitude": 1.0
    },
    "COMM": {
      "concept": "communication",
      "vector": [
        0.1428571492433548,
        0.2142857313156128,
        0.7142857313156128,
        0.5,
        0.0714285746216774,
        0.1428571492433548,
        0.2142857313156128,
        0.1428571492433548,
        0.2857142984867096
      ],
      "magnitude": 1.0
    },
    "EVAL": {
      "concept": "evaluation/cognition",
      "vector": [
        0.19205531477928162,
        0.12803687155246735,
        0.38411062955856323,
        0.6401844024658203,
        0.12803687155246735,
        0.06401843577623367,
        0.32009220123291016,
        0.06401843577623367,
        0.5121474862098694
      ],
      "magnitude": 0.9999999403953552
    },
    "CAUSE": {
      "concept": "causation/action",
      "vector": [
        0.07053456455469131,
        0.14106912910938263,
        0.21160370111465454,
        0.28213825821876526,
        0.705345630645752,
        0.4937419295310974,
        0.21160370111465454,
        0.14106912910938263,
        0.21160370111465454
      ],
      "magnitude": 1.0
    },
    "FLOW": {
      "concept": "mouvement/flux",
      "vector": [
        0.0,
        0.29250895977020264,
        0.14625447988510132,
        0.07312723994255066,
        0.43876346945762634,
        0.7312723994255066,
        0.14625447988510132,
        0.3656361997127533,
        0.07312723994255066
      ],
      "magnitude": 1.0
    },
    "MODAL": {
      "concept": "modalite/possibilite",
      "vector": [
        0.27537137269973755,
        0.13768568634986877,
        0.27537137269973755,
        0.4130570590496063,
        0.20652852952480316,
        0.13768568634986877,
        0.6884284019470215,
        0.06884284317493439,
        0.34421420097351074
      ],
      "magnitude": 1.0
    },
    "ITER": {
      "concept": "iteration/repetition",
      "vector": [
        0.08703882992267609,
        0.08703882992267609,
        0.17407765984535217,
        0.08703882992267609,
        0.17407765984535217,
        0.34815531969070435,
        0.08703882992267609,
        0.8703882694244385,
        0.17407765984535217
      ],
      "magnitude": 1.0
    },
    "DECIDE": {
      "concept": "decision/volition",
      "vector": [
        0.13046561181545258,
        0.06523280590772629,
        0.19569842517375946,
        0.5218624472618103,
        0.26093122363090515,
        0.06523280590772629,
        0.3913968503475189,
        0.13046561181545258,
        0.6523280739784241
      ],
      "magnitude": 1.0
    }
  },
  "distance_matrix": [
    [
      0.0,
      0.24813956022262573,
      0.5038790702819824,
      0.4071301221847534,
      0.6612958312034607,
      0.7617168426513672,
      0.29751622676849365,
      0.708922803401947,
      0.46300798654556274
    ],
    [
      0.24813956022262573,
      0.0,
      0.4393652677536011,
      0.5156337022781372,
      0.5311706066131592,
      0.46222883462905884,
      0.4499245882034302,
      0.6430346965789795,
      0.6171495318412781
    ],
    [
      0.5038790702819824,
      0.4393652677536011,
      0.0,
      0.10831457376480103,
      0.4206089377403259,
      0.5560131669044495,
      0.2378113865852356,
      0.5461546182632446,
      0.2498226761817932
    ],
    [
      0.4071301221847534,
      0.5156337022781372,
      0.10831457376480103,
      0.0,
      0.3994368314743042,
      0.648888111114502,
      0.12296497821807861,
      0.6322420835494995,
      0.052024781703948975
    ],
    [
      0.6612958312034607,
      0.5311706066131592,
      0.4206089377403259,
      0.3994368314743042,
      0.0,
      0.13861435651779175,
      0.3444669842720032,
      0.4474678635597229,
      0.3374318480491638
    ],
    [
      0.7617168426513672,
      0.46222883462905884,
      0.5560131669044495,
      0.648888111114502,
      0.13861435651779175,
      0.0,
      0.5469141602516174,
      0.2680354118347168,
      0.5992951989173889
    ],
    [
      0.29751622676849365,
      0.4499245882034302,
      0.2378113865852356,
      0.12296497821807861,
      0.3444669842720032,
      0.5469141602516174,
      0.0,
      0.6165119409561157,
      0.11980092525482178
    ],
    [
      0.708922803401947,
      0.6430346965789795,
      0.5461546182632446,
      0.6322420835494995,
      0.4474678635597229,
      0.2680354118347168,
      0.6165119409561157,
      0.0,
      0.574165940284729
    ],
    [
      0.46300798654556274,
      0.6171495318412781,
      0.2498226761817932,
      0.052024781703948975,
      0.3374318480491638,
      0.5992951989173889,
      0.11980092525482178,
      0.574165940284729,
      0.0
    ]
  ],
  "dhatu_names": [
    "EXIST",
    "RELATE",
    "COMM",
    "EVAL",
    "CAUSE",
    "FLOW",
    "MODAL",
    "ITER",
    "DECIDE"
  ],
  "gpu_config": {
    "texture_format": "RGBA32F",
    "texture_size": "512x512",
    "shader_precision": "highp",
    "normalization": "unit_sphere"
  },
  "geometric_thresholds": {
    "inclusion": 0.3,
    "exclusion": 0.7,
    "equality": 0.1
  }
}